LED( 0, 0, 0, 15, 0);
LED( 0, 1, 0, 15, 0);
LED( 0, 2, 0, 15, 0);
LED( 0, 3, 0, 15, 0);
LED( 0, 4, 0, 15, 0);
LED( 0, 5, 0, 15, 0);
LED( 0, 6, 0, 15, 0);
LED( 0, 7, 0, 15, 0);
LED( 0, 8, 0, 15, 0);
LED( 0, 9, 0, 15, 0);
LED( 1, 0, 0, 15, 0);
LED( 1, 1, 0, 15, 0);
LED( 1, 2, 0, 15, 0);
LED( 1, 3, 0, 15, 0);
LED( 1, 4, 0, 15, 0);
LED( 1, 5, 0, 15, 0);
LED( 1, 6, 0, 15, 0);
LED( 1, 7, 0, 15, 0);
LED( 1, 8, 0, 15, 0);
LED( 1, 9, 0, 15, 0);
LED( 2, 0, 0, 15, 0);
LED( 2, 1, 0, 15, 0);
LED( 2, 2, 0, 15, 0);
LED( 2, 3, 0, 0, 0);
LED( 2, 4, 0, 0, 0);
LED( 2, 5, 0, 0, 0);
LED( 2, 6, 0, 0, 0);
LED( 2, 7, 0, 0, 0);
LED( 2, 8, 0, 15, 0);
LED( 2, 9, 0, 15, 0);
LED( 3, 0, 0, 15, 0);
LED( 3, 1, 0, 15, 0);
LED( 3, 2, 0, 15, 0);
LED( 3, 3, 0, 0, 0);
LED( 3, 4, 0, 0, 0);
LED( 3, 5, 0, 0, 0);
LED( 3, 6, 0, 0, 0);
LED( 3, 7, 0, 0, 0);
LED( 3, 8, 0, 15, 0);
LED( 3, 9, 0, 15, 0);
LED( 4, 0, 0, 15, 0);
LED( 4, 1, 0, 15, 0);
LED( 4, 2, 0, 15, 0);
LED( 4, 3, 0, 0, 0);
LED( 4, 4, 0, 0, 0);
LED( 4, 5, 0, 0, 0);
LED( 4, 6, 0, 0, 0);
LED( 4, 7, 0, 0, 0);
LED( 4, 8, 0, 15, 0);
LED( 4, 9, 0, 15, 0);
LED( 5, 0, 0, 15, 0);
LED( 5, 1, 0, 15, 0);
LED( 5, 2, 0, 15, 0);
LED( 5, 3, 0, 0, 0);
LED( 5, 4, 0, 0, 0);
LED( 5, 5, 0, 0, 0);
LED( 5, 6, 0, 0, 0);
LED( 5, 7, 0, 0, 0);
LED( 5, 8, 0, 15, 0);
LED( 5, 9, 0, 15, 0);
LED( 6, 0, 0, 15, 0);
LED( 6, 1, 0, 15, 0);
LED( 6, 2, 0, 15, 0);
LED( 6, 3, 0, 0, 0);
LED( 6, 4, 0, 0, 0);
LED( 6, 5, 0, 0, 0);
LED( 6, 6, 0, 0, 0);
LED( 6, 7, 0, 0, 0);
LED( 6, 8, 0, 15, 0);
LED( 6, 9, 0, 15, 0);
LED( 7, 0, 0, 15, 0);
LED( 7, 1, 0, 15, 0);
LED( 7, 2, 0, 15, 0);
LED( 7, 3, 0, 0, 0);
LED( 7, 4, 0, 0, 0);
LED( 7, 5, 0, 0, 0);
LED( 7, 6, 0, 0, 0);
LED( 7, 7, 0, 0, 0);
LED( 7, 8, 0, 15, 0);
LED( 7, 9, 0, 15, 0);
LED( 8, 0, 0, 15, 0);
LED( 8, 1, 0, 15, 0);
LED( 8, 2, 0, 15, 0);
LED( 8, 3, 0, 15, 0);
LED( 8, 4, 0, 15, 0);
LED( 8, 5, 0, 15, 0);
LED( 8, 6, 0, 15, 0);
LED( 8, 7, 0, 15, 0);
LED( 8, 8, 0, 15, 0);
LED( 8, 9, 0, 15, 0);
LED( 9, 0, 0, 15, 0);
LED( 9, 1, 0, 15, 0);
LED( 9, 2, 0, 15, 0);
LED( 9, 3, 0, 15, 0);
LED( 9, 4, 0, 15, 0);
LED( 9, 5, 0, 15, 0);
LED( 9, 6, 0, 15, 0);
LED( 9, 7, 0, 15, 0);
LED( 9, 8, 0, 15, 0);
LED( 9, 9, 0, 15, 0);
LED( 9, 9, 0, 15, 0);
